"Phylum"	"N"	"PercentPhy"	"sd"	"se"	"ci"
"1"	"Acidobacteria"	67	0.374776119402985	0.640521468920714	0.078252151956328	0.156235462302454
"2"	"Actinobacteria"	67	8.90925373134328	9.22835096622669	1.12742250986889	2.25097166833013
"3"	"Alphaproteobacteria"	67	4.23208955223881	3.75020263586392	0.458160172247046	0.914746298089515
"4"	"Betaproteobacteria"	67	10.2420895522388	6.61570160216047	0.808236588763063	1.61369641521972
"5"	"Chlamydiae"	67	0.0935820895522388	0.286835933954741	0.0350425866726726	0.0699647816987106
"6"	"Cyanobacteria"	67	14.5759701492537	14.1343495267575	1.72678562802177	3.44763874406649
"7"	"Deferribacteres"	67	0.011044776119403	0.0227059148853873	0.00277396900514932	0.00553840781495768
"8"	"Deltaproteobacteria"	67	3.25731343283582	2.15588312923916	0.263383043996281	0.525861214198326
"9"	"Elusimicrobia"	67	0.0261194029850746	0.0468380583364542	0.00572217956169281	0.011424700111732
"10"	"Epsilonproteobacteria"	67	0.12	0.266941146617706	0.0326120515581202	0.0651120617699811
"11"	"FGL7S"	67	0.000149253731343284	0.00122169444356305	0.000149253731343284	0.000297994689395867
"12"	"Gammaproteobacteria"	67	2.65955223880597	3.09493302068604	0.378106247457194	0.754913480256612
"13"	"Gemmatimonadetes"	67	0.0165671641791045	0.0251993409489319	0.0030785894818761	0.00614660222007465
"14"	"JTB23"	67	0.000149253731343284	0.00122169444356305	0.000149253731343284	0.000297994689395867
"15"	"SPOTSOCT00m83"	67	0.00373134328358209	0.0162215551411865	0.00198177837819392	0.00395674819615099
"16"	"TA18"	67	0.0950746268656716	0.144047268487017	0.0175981747521024	0.0351358895485526
"17"	"Thermotogae"	67	0.00373134328358209	0.00997509336107633	0.00121865161332496	0.00243311645026345
"19"	"Armatimonadetes"	67	0.718208955223881	1.18142687917098	0.144334265375922	0.288172658685187
"20"	"Bacteroidetes"	67	22.1483582089552	6.81884967571842	0.833055076031692	1.66324812383249
"21"	"BD1-5"	67	0.0441791044776119	0.0804183993293888	0.0098246711620949	0.0196155888701455
"22"	"Caldiserica"	67	0.000447761194029851	0.00208372904428249	0.000254568019529087	0.000508261449994932
"23"	"Candidate_division_BRC1"	67	0.0561194029850746	0.0946277431271355	0.0115606187985333	0.0230815201542229
"24"	"Candidate_division_JS1"	67	0.000298507462686567	0.00171459797720291	0.000209471482169324	0.000418223308084477
"25"	"Candidate_division_OD1"	67	0.335373134328358	0.457063513782205	0.0558391955143125	0.111486550946798
"26"	"Candidate_division_OP11"	67	0.00238805970149254	0.0101637430826899	0.00124169884499247	0.00247913173296614
"27"	"Candidate_division_OP3"	67	0.175522388059701	0.26636318099195	0.0325414418187645	0.0649710848767519
"28"	"Candidate_division_OP8"	67	0.00582089552238806	0.0146834532445841	0.00179386932412263	0.00358157566479328
"29"	"Candidate_division_SR1"	67	0.0816417910447761	0.134159527552489	0.0163901949361921	0.0327240800292934
"30"	"Candidate_division_TM7"	67	0.00447761194029851	0.0114526141106884	0.00139915950232999	0.00279351207879108
"31"	"Candidate_division_WS3"	67	0.0402985074626866	0.0883856931596644	0.0107980310223631	0.0215589645339934
"32"	"Chlorobi"	67	0.847014925373134	1.61273343616901	0.197026747791602	0.393376594222604
"33"	"Chloroflexi"	67	2.38149253731343	3.56031291344035	0.434961450369586	0.868428555423807
"34"	"Deinococcus-Thermus"	67	0.262537313432836	0.590357732543998	0.0721236761563485	0.143999565577805
"35"	"Dictyoglomi"	67	0.00119402985074627	0.00564677115025373	0.000689862893833713	0.00137735570778387
"36"	"Fibrobacteres"	67	0.0877611940298507	0.18409336313422	0.0224905838837912	0.0449038995438398
"37"	"Firmicutes"	67	0.951940298507463	1.46327076432049	0.17876697621986	0.356919784004266
"38"	"Fusobacteria"	67	0.0082089552238806	0.0140265303960926	0.00171361342473746	0.00342133959166983
"39"	"GOUTA4"	67	0.000447761194029851	0.00271518503242218	0.000331712646735575	0.000662285667788746
"40"	"Hyd24-12"	67	0.000895522388059702	0.00336260328604783	0.000410807375047149	0.000820203388062336
"41"	"Lentisphaerae"	67	2.34179104477612	4.09750771455377	0.500590240732709	0.999460663121698
"42"	"Nitrospirae"	67	0.000895522388059702	0.00287694244451234	0.000351474459891143	0.000701741400789137
"43"	"NPL-UPA2"	67	0.33955223880597	0.464782232604595	0.0567821871039864	0.113369294402112
"44"	"OC31"	67	0.000298507462686567	0.00171459797720291	0.000209471482169324	0.000418223308084477
"45"	"Planctomycetes"	67	7.55313432835821	6.61735967875754	0.808439155059627	1.61410085187992
"46"	"RsaHF231"	67	0	0	0	0
"47"	"SHA-109"	67	0.000895522388059702	0.00336260328604783	0.000410807375047149	0.000820203388062336
"48"	"SM2F11"	67	0.00164179104477612	0.00617841181058132	0.000754813137903153	0.00150703305409518
"49"	"Spirochaetae"	67	0.426417910447761	0.559693372472381	0.0683774283248573	0.136519940452872
"50"	"Synergistetes"	67	0	0	0	0
"51"	"TA06"	67	0.000298507462686567	0.00171459797720291	0.000209471482169324	0.000418223308084477
"52"	"Tenericutes"	67	0.0352238805970149	0.0706540485223005	0.00863176584949287	0.0172338765678252
"53"	"TM6"	67	0.13044776119403	0.176209524351508	0.0215274196803125	0.0429808801655657
"54"	"Verrucomicrobia"	67	12.2973134328358	5.97957168378167	0.730520950096302	1.45853213626151
"55"	"WCHB1-60"	67	0.0128358208955224	0.0299396347293184	0.00365770853911157	0.00730285072408821
